# oST version 5.0 parameters


[image]

width
320

height
240

[narrow_stereo]

camera matrix
109.244443 0.360267 158.945421
0.000000 110.007361 117.624169
0.000000 0.000000 1.000000

distortion
-0.041032 -0.024147 0.145470 -0.088792

rectification
1.000000 0.000000 0.000000
0.000000 1.000000 0.000000
0.000000 0.000000 1.000000

projection
109.244443 0.360267 158.945421 0.000000
0.000000 110.007361 117.624169 0.000000
0.000000 0.000000 1.000000 0.000000
